OFF
72 54 0
-0.5 0.5 -0.5
-0.5 -0.5 -0.5
0.5 -0.5 -0.5
0.5 0.5 -0.5
-0.5 0.5 0.5
-0.5 -0.5 0.5
0.5 -0.5 0.5
0.5 0.5 0.5
0.5 0.5 -0.5
0.5 -0.5 -0.5
1.5 -0.5 -0.5
1.5 0.5 -0.5
0.5 0.5 0.5
0.5 -0.5 0.5
1.5 -0.5 0.5
1.5 0.5 0.5
1.5 0.5 -0.5
1.5 -0.5 -0.5
2.5 -0.5 -0.5
2.5 0.5 -0.5
1.5 0.5 0.5
1.5 -0.5 0.5
2.5 -0.5 0.5
2.5 0.5 0.5
-0.5 1.5 -0.5
-0.5 0.5 -0.5
0.5 0.5 -0.5
0.5 1.5 -0.5
-0.5 1.5 0.5
-0.5 0.5 0.5
0.5 0.5 0.5
0.5 1.5 0.5
-0.5 2.5 -0.5
-0.5 1.5 -0.5
0.5 1.5 -0.5
0.5 2.5 -0.5
-0.5 2.5 0.5
-0.5 1.5 0.5
0.5 1.5 0.5
0.5 2.5 0.5
0.5 1.5 -0.5
0.5 0.5 -0.5
1.5 0.5 -0.5
1.5 1.5 -0.5
0.5 1.5 0.5
0.5 0.5 0.5
1.5 0.5 0.5
1.5 1.5 0.5
1.5 2.5 -0.5
1.5 1.5 -0.5
2.5 1.5 -0.5
2.5 2.5 -0.5
1.5 2.5 0.5
1.5 1.5 0.5
2.5 1.5 0.5
2.5 2.5 0.5
1.5 1.5 -0.5
1.5 0.5 -0.5
2.5 0.5 -0.5
2.5 1.5 -0.5
1.5 1.5 0.5
1.5 0.5 0.5
2.5 0.5 0.5
2.5 1.5 0.5
0.5 2.5 -0.5
0.5 1.5 -0.5
1.5 1.5 -0.5
1.5 2.5 -0.5
0.5 2.5 0.5
0.5 1.5 0.5
1.5 1.5 0.5
1.5 2.5 0.5
4 0 3 2 1 1.0 0.0 0.0 1.0
4 4 5 6 7 1.0 0.0 0.0 1.0
4 0 1 5 4 1.0 0.0 0.0 1.0
4 0 4 7 3 1.0 0.0 0.0 1.0
4 3 7 6 2 1.0 0.0 0.0 1.0
4 1 2 6 5 1.0 0.0 0.0 1.0
4 8 11 10 9 0.0 1.0 1.0 1.0
4 12 13 14 15 0.0 1.0 1.0 1.0
4 8 9 13 12 0.0 1.0 1.0 1.0
4 8 12 15 11 0.0 1.0 1.0 1.0
4 11 15 14 10 0.0 1.0 1.0 1.0
4 9 10 14 13 0.0 1.0 1.0 1.0
4 16 19 18 17 1.0 1.0 0.0 1.0
4 20 21 22 23 1.0 1.0 0.0 1.0
4 16 17 21 20 1.0 1.0 0.0 1.0
4 16 20 23 19 1.0 1.0 0.0 1.0
4 19 23 22 18 1.0 1.0 0.0 1.0
4 17 18 22 21 1.0 1.0 0.0 1.0
4 24 27 26 25 1.0 0.0 1.0 1.0
4 28 29 30 31 1.0 0.0 1.0 1.0
4 24 25 29 28 1.0 0.0 1.0 1.0
4 24 28 31 27 1.0 0.0 1.0 1.0
4 27 31 30 26 1.0 0.0 1.0 1.0
4 25 26 30 29 1.0 0.0 1.0 1.0
4 32 35 34 33 0.0 1.0 0.0 1.0
4 36 37 38 39 0.0 1.0 0.0 1.0
4 32 33 37 36 0.0 1.0 0.0 1.0
4 32 36 39 35 0.0 1.0 0.0 1.0
4 35 39 38 34 0.0 1.0 0.0 1.0
4 33 34 38 37 0.0 1.0 0.0 1.0
4 40 43 42 41 0.0 0.0 1.0 1.0
4 44 45 46 47 0.0 0.0 1.0 1.0
4 40 41 45 44 0.0 0.0 1.0 1.0
4 40 44 47 43 0.0 0.0 1.0 1.0
4 43 47 46 42 0.0 0.0 1.0 1.0
4 41 42 46 45 0.0 0.0 1.0 1.0
4 48 51 50 49 1.0 1.0 1.0 1.0
4 52 53 54 55 1.0 1.0 1.0 1.0
4 48 49 53 52 1.0 1.0 1.0 1.0
4 48 52 55 51 1.0 1.0 1.0 1.0
4 51 55 54 50 1.0 1.0 1.0 1.0
4 49 50 54 53 1.0 1.0 1.0 1.0
4 56 59 58 57 1.0 1.0 1.0 0.0
4 60 61 62 63 1.0 1.0 1.0 0.0
4 56 57 61 60 1.0 1.0 1.0 0.0
4 56 60 63 59 1.0 1.0 1.0 0.0
4 59 63 62 58 1.0 1.0 1.0 0.0
4 57 58 62 61 1.0 1.0 1.0 0.0
4 64 67 66 65 0.0 1.0 1.0 0.0
4 68 69 70 71 0.0 1.0 1.0 0.0
4 64 65 69 68 0.0 1.0 1.0 0.0
4 64 68 71 67 0.0 1.0 1.0 0.0
4 67 71 70 66 0.0 1.0 1.0 0.0
4 65 66 70 69 0.0 1.0 1.0 0.0
