OFF
243 162 0
-0.5 0.5 -0.5
-0.5 -0.5 -0.5
0.5 -0.5 -0.5
0.5 0.5 -0.5
-0.5 0.5 0.5
-0.5 -0.5 0.5
0.5 -0.5 0.5
0.5 0.5 0.5
0.5 0.5 -0.5
0.5 -0.5 -0.5
1.5 -0.5 -0.5
1.5 0.5 -0.5
0.5 0.5 0.5
0.5 -0.5 0.5
1.5 -0.5 0.5
1.5 0.5 0.5
1.5 0.5 -0.5
1.5 -0.5 -0.5
2.5 -0.5 -0.5
2.5 0.5 -0.5
1.5 0.5 0.5
1.5 -0.5 0.5
2.5 -0.5 0.5
2.5 0.5 0.5
-0.5 1.5 -0.5
-0.5 0.5 -0.5
0.5 0.5 -0.5
0.5 1.5 -0.5
-0.5 1.5 0.5
-0.5 0.5 0.5
0.5 0.5 0.5
0.5 1.5 0.5
-0.5 2.5 -0.5
-0.5 1.5 -0.5
0.5 1.5 -0.5
0.5 2.5 -0.5
-0.5 2.5 0.5
-0.5 1.5 0.5
0.5 1.5 0.5
0.5 2.5 0.5
0.5 1.5 -0.5
0.5 0.5 -0.5
1.5 0.5 -0.5
1.5 1.5 -0.5
0.5 1.5 0.5
0.5 0.5 0.5
1.5 0.5 0.5
1.5 1.5 0.5
1.5 2.5 -0.5
1.5 1.5 -0.5
2.5 1.5 -0.5
2.5 2.5 -0.5
1.5 2.5 0.5
1.5 1.5 0.5
2.5 1.5 0.5
2.5 2.5 0.5
1.5 1.5 -0.5
1.5 0.5 -0.5
2.5 0.5 -0.5
2.5 1.5 -0.5
1.5 1.5 0.5
1.5 0.5 0.5
2.5 0.5 0.5
2.5 1.5 0.5
0.5 2.5 -0.5
0.5 1.5 -0.5
1.5 1.5 -0.5
1.5 2.5 -0.5
0.5 2.5 0.5
0.5 1.5 0.5
1.5 1.5 0.5
1.5 2.5 0.5
-0.5 0.5 0.5
-0.5 -0.5 0.5
0.5 -0.5 0.5
0.5 0.5 0.5
-0.5 0.5 1.5
-0.5 -0.5 1.5
0.5 -0.5 1.5
0.5 0.5 1.5
0.5 0.5 0.5
0.5 -0.5 0.5
1.5 -0.5 0.5
1.5 0.5 0.5
0.5 0.5 1.5
0.5 -0.5 1.5
1.5 -0.5 1.5
1.5 0.5 1.5
1.5 0.5 0.5
1.5 -0.5 0.5
2.5 -0.5 0.5
2.5 0.5 0.5
1.5 0.5 1.5
1.5 -0.5 1.5
2.5 -0.5 1.5
2.5 0.5 1.5
-0.5 1.5 0.5
-0.5 0.5 0.5
0.5 0.5  0.5
0.5 1.5 0.5
-0.5 1.5 1.5
-0.5 0.5 1.5
0.5 0.5 1.5
0.5 1.5 1.5
-0.5 2.5 0.5
-0.5 1.5 0.5
0.5 1.5 0.5
0.5 2.5 0.5
-0.5 2.5 1.5
-0.5 1.5 1.5
0.5 1.5 1.5
0.5 2.5 1.5
0.5 1.5 0.5
0.5 0.5 0.5
1.5 0.5 0.5
1.5 1.5 0.5
0.5 1.5 1.5
0.5 0.5 1.5
1.5 0.5 1.5
1.5 1.5 1.5
1.5 2.5 0.5
1.5 1.5 0.5
2.5 1.5 0.5
2.5 2.5 0.5
1.5 2.5 1.5
1.5 1.5 1.5
2.5 1.5 1.5
2.5 2.5 1.5
1.5 1.5 0.5
1.5 0.5 0.5
2.5 0.5 0.5
2.5 1.5 0.5
1.5 1.5 1.5
1.5 0.5 1.5
2.5 0.5 1.5
2.5 1.5 1.5
0.5 2.5 0.5
0.5 1.5 0.5
1.5 1.5 0.5
1.5 2.5 0.5
0.5 2.5 1.5
0.5 1.5 1.5
1.5 1.5 1.5
1.5 2.5 1.5
-0.5 0.5 1.5
-0.5 -0.5 1.5
0.5 -0.5 1.5
0.5 0.5 1.5
-0.5 0.5 2.5
-0.5 -0.5 2.5
0.5 -0.5 2.5
0.5 0.5 2.5
0.5 0.5 1.5
0.5 -0.5 1.5
1.5 -0.5 1.5
1.5 0.5 1.5
0.5 0.5 2.5
0.5 -0.5 2.5
1.5 -0.5 2.5
1.5 0.5 2.5
1.5 0.5 1.5
1.5 -0.5 1.5
2.5 -0.5 1.5
2.5 0.5 1.5
1.5 0.5 2.5
1.5 -0.5 2.5
2.5 -0.5 2.5
2.5 0.5 2.5
-0.5 1.5 1.5
-0.5 0.5 1.5
0.5 0.5 1.5
0.5 1.5 1.5
-0.5 1.5 2.5
-0.5 0.5 2.5
0.5 0.5 2.5
0.5 1.5 2.5
-0.5 2.5 1.5
-0.5 1.5 1.5
0.5 1.5 1.5
0.5 2.5 1.5
-0.5 2.5 2.5
-0.5 1.5 2.5
0.5 1.5 2.5
0.5 2.5 2.5
0.5 1.5 1.5
0.5 0.5 1.5
1.5 0.5 1.5
1.5 1.5 1.5
0.5 1.5 2.5
0.5 0.5 2.5
1.5 0.5 2.5
1.5 1.5 2.5
1.5 2.5 1.5
1.5 1.5 1.5
2.5 1.5 1.5
2.5 2.5 1.5
1.5 2.5 2.5
1.5 1.5 2.5
2.5 1.5 2.5
2.5 2.5 2.5
1.5 1.5 1.5
1.5 0.5 1.5
2.5 0.5 1.5
2.5 1.5 1.5
1.5 1.5 2.5
1.5 0.5 2.5
2.5 0.5 2.5
2.5 1.5 2.5
0.5 2.5 1.5
0.5 1.5 1.5
1.5 1.5 1.5
1.5 2.5 1.5
0.5 2.5 2.5
0.5 1.5 2.5
1.5 1.5 2.5
1.5 2.5 2.5
4 0 3 2 1 1.0 1.0 1.0 1.0
4 4 5 6 7 1.0 1.0 1.0 1.0
4 0 1 5 4 1.0 1.0 1.0 1.0
4 0 4 7 3 1.0 1.0 1.0 1.0
4 3 7 6 2 1.0 1.0 1.0 1.0
4 1 2 6 5 1.0 1.0 1.0 1.0
4 8 11 10 9 1.0 1.0 1.0 1.0
4 12 13 14 15 1.0 1.0 1.0 1.0
4 8 9 13 12 1.0 1.0 1.0 1.0
4 8 12 15 11 1.0 1.0 1.0 1.0
4 11 15 14 10 1.0 1.0 1.0 1.0
4 9 10 14 13 1.0 1.0 1.0 1.0
4 16 19 18 17 1.0 1.0 1.0 1.0
4 20 21 22 23 1.0 1.0 1.0 1.0
4 16 17 21 20 1.0 1.0 1.0 1.0
4 16 20 23 19 1.0 1.0 1.0 1.0
4 19 23 22 18 1.0 1.0 1.0 1.0
4 17 18 22 21 1.0 1.0 1.0 1.0
4 24 27 26 25 1.0 1.0 1.0 1.0
4 28 29 30 31 1.0 1.0 1.0 1.0
4 24 25 29 28 1.0 1.0 1.0 1.0
4 24 28 31 27 1.0 1.0 1.0 1.0
4 27 31 30 26 1.0 1.0 1.0 1.0
4 25 26 30 29 1.0 1.0 1.0 1.0
4 32 35 34 33 1.0 1.0 1.0 1.0
4 36 37 38 39 1.0 1.0 1.0 1.0
4 32 33 37 36 1.0 1.0 1.0 1.0
4 32 36 39 35 1.0 1.0 1.0 1.0
4 35 39 38 34 1.0 1.0 1.0 1.0
4 33 34 38 37 1.0 1.0 1.0 1.0
4 40 43 42 41 1.0 1.0 1.0 1.0
4 44 45 46 47 1.0 1.0 1.0 1.0
4 40 41 45 44 1.0 1.0 1.0 1.0
4 40 44 47 43 1.0 1.0 1.0 1.0
4 43 47 46 42 1.0 1.0 1.0 1.0
4 41 42 46 45 1.0 1.0 1.0 1.0
4 48 51 50 49 1.0 1.0 1.0 1.0
4 52 53 54 55 1.0 1.0 1.0 1.0
4 48 49 53 52 1.0 1.0 1.0 1.0
4 48 52 55 51 1.0 1.0 1.0 1.0
4 51 55 54 50 1.0 1.0 1.0 1.0
4 49 50 54 53 1.0 1.0 1.0 1.0
4 56 59 58 57 1.0 1.0 1.0 1.0
4 60 61 62 63 1.0 1.0 1.0 1.0
4 56 57 61 60 1.0 1.0 1.0 1.0
4 56 60 63 59 1.0 1.0 1.0 1.0
4 59 63 62 58 1.0 1.0 1.0 1.0
4 57 58 62 61 1.0 1.0 1.0 1.0
4 64 67 66 65 1.0 1.0 1.0 1.0
4 68 69 70 71 1.0 1.0 1.0 1.0
4 64 65 69 68 1.0 1.0 1.0 1.0
4 64 68 71 67 1.0 1.0 1.0 1.0
4 67 71 70 66 1.0 1.0 1.0 1.0
4 65 66 70 69 1.0 1.0 1.0 1.0
4 72 75 74 73 1.0 1.0 1.0 1.0
4 76 77 78 79 1.0 1.0 1.0 1.0
4 72 73 77 76 1.0 1.0 1.0 1.0
4 72 76 79 75 1.0 1.0 1.0 1.0
4 75 79 78 74 1.0 1.0 1.0 1.0
4 73 74 78 77 1.0 1.0 1.0 1.0
4 80 83 82 81 1.0 1.0 1.0 1.0
4 84 85 86 87 1.0 1.0 1.0 1.0
4 80 81 85 84 1.0 1.0 1.0 1.0
4 80 84 87 83 1.0 1.0 1.0 1.0
4 83 87 86 82 1.0 1.0 1.0 1.0
4 81 82 86 85 1.0 1.0 1.0 1.0
4 88 91 90 89 1.0 1.0 1.0 1.0
4 92 93 94 95 1.0 1.0 1.0 1.0
4 88 89 93 92 1.0 1.0 1.0 1.0
4 88 92 95 91 1.0 1.0 1.0 1.0
4 91 96 94 90 1.0 1.0 1.0 1.0
4 89 90 94 93 1.0 1.0 1.0 1.0
4 96 99 98 97 1.0 1.0 1.0 1.0
4 100 101 102 103 1.0 1.0 1.0 1.0
4 96 97 101 100 1.0 1.0 1.0 1.0
4 96 100 103 99 1.0 1.0 1.0 1.0
4 99 104 102 98 1.0 1.0 1.0 1.0
4 97 98 102 101 1.0 1.0 1.0 1.0
4 104 107 106 105 1.0 1.0 1.0 1.0
4 108 109 110 111 1.0 1.0 1.0 1.0
4 104 105 109 108 1.0 1.0 1.0 1.0
4 104 108 111 107 1.0 1.0 1.0 1.0
4 107 112 110 106 1.0 1.0 1.0 1.0
4 105 106 110 109 1.0 1.0 1.0 1.0
4 112 115 114 113 1.0 1.0 1.0 1.0
4 116 117 118 119 1.0 1.0 1.0 1.0
4 112 112 117 116 1.0 1.0 1.0 1.0
4 112 116 119 115 1.0 1.0 1.0 1.0
4 115 120 118 114 1.0 1.0 1.0 1.0
4 113 114 118 117 1.0 1.0 1.0 1.0
4 120 123 122 121 1.0 1.0 1.0 1.0
4 124 125 126 127 1.0 1.0 1.0 1.0
4 120 120 125 124 1.0 1.0 1.0 1.0
4 120 124 127 123 1.0 1.0 1.0 1.0
4 123 128 126 122 1.0 1.0 1.0 1.0
4 121 122 126 125 1.0 1.0 1.0 1.0
4 128 131 130 129 1.0 1.0 1.0 1.0
4 132 133 134 135 1.0 1.0 1.0 1.0
4 128 128 133 132 1.0 1.0 1.0 1.0
4 128 132 135 131 1.0 1.0 1.0 1.0
4 131 136 134 130 1.0 1.0 1.0 1.0
4 129 130 134 133 1.0 1.0 1.0 1.0
4 136 139 138 137 1.0 1.0 1.0 1.0
4 140 141 142 143 1.0 1.0 1.0 1.0
4 136 136 141 140 1.0 1.0 1.0 1.0
4 136 140 143 139 1.0 1.0 1.0 1.0
4 139 144 142 138 1.0 1.0 1.0 1.0
4 137 138 142 141 1.0 1.0 1.0 1.0
4 144 147 146 145 1.0 1.0 1.0 1.0
4 148 149 150 151 1.0 1.0 1.0 1.0
4 144 144 149 148 1.0 1.0 1.0 1.0
4 144 148 151 147 1.0 1.0 1.0 1.0
4 147 152 150 146 1.0 1.0 1.0 1.0
4 145 146 150 149 1.0 1.0 1.0 1.0
4 152 155 154 153 1.0 1.0 1.0 1.0
4 156 157 158 159 1.0 1.0 1.0 1.0
4 152 152 157 156 1.0 1.0 1.0 1.0
4 152 156 159 155 1.0 1.0 1.0 1.0
4 155 160 158 154 1.0 1.0 1.0 1.0
4 153 154 158 157 1.0 1.0 1.0 1.0
4 160 163 162 161 1.0 1.0 1.0 1.0
4 164 165 166 167 1.0 1.0 1.0 1.0
4 160 160 165 164 1.0 1.0 1.0 1.0
4 160 164 167 163 1.0 1.0 1.0 1.0
4 163 168 166 162 1.0 1.0 1.0 1.0
4 161 162 166 165 1.0 1.0 1.0 1.0
4 168 171 170 169 1.0 1.0 1.0 1.0
4 172 173 174 175 1.0 1.0 1.0 1.0
4 168 168 173 172 1.0 1.0 1.0 1.0
4 168 172 175 171 1.0 1.0 1.0 1.0
4 171 176 174 170 1.0 1.0 1.0 1.0
4 169 170 174 173 1.0 1.0 1.0 1.0
4 176 179 178 177 1.0 1.0 1.0 1.0
4 180 181 182 183 1.0 1.0 1.0 1.0
4 176 176 181 180 1.0 1.0 1.0 1.0
4 176 180 183 179 1.0 1.0 1.0 1.0
4 179 184 182 178 1.0 1.0 1.0 1.0
4 177 178 182 181 1.0 1.0 1.0 1.0
4 184 187 186 185 1.0 1.0 1.0 1.0
4 188 189 190 191 1.0 1.0 1.0 1.0
4 184 184 189 188 1.0 1.0 1.0 1.0
4 184 188 191 187 1.0 1.0 1.0 1.0
4 187 192 190 186 1.0 1.0 1.0 1.0
4 185 186 190 189 1.0 1.0 1.0 1.0
4 192 195 194 193 1.0 1.0 1.0 1.0
4 196 197 198 199 1.0 1.0 1.0 1.0
4 192 192 197 196 1.0 1.0 1.0 1.0
4 192 196 199 195 1.0 1.0 1.0 1.0
4 195 200 198 194 1.0 1.0 1.0 1.0
4 193 194 198 197 1.0 1.0 1.0 1.0
4 200 203 202 201 1.0 1.0 1.0 1.0
4 204 205 206 207 1.0 1.0 1.0 1.0
4 200 200 205 204 1.0 1.0 1.0 1.0
4 200 204 207 203 1.0 1.0 1.0 1.0
4 203 208 206 202 1.0 1.0 1.0 1.0
4 201 202 206 205 1.0 1.0 1.0 1.0
4 208 211 210 209 1.0 1.0 1.0 1.0
4 212 213 214 215 1.0 1.0 1.0 1.0
4 208 208 213 212 1.0 1.0 1.0 1.0
4 208 212 215 211 1.0 1.0 1.0 1.0
4 211 216 214 210 1.0 1.0 1.0 1.0
4 209 210 214 213 1.0 1.0 1.0 1.0
